BFGS Status
      fun: 93.52559473922118
 hess_inv: array([[ 2.69854029e-03,  3.85513611e-05,  9.05911762e-06,
         1.00651292e-04,  3.77925363e-05, -2.01288901e-05,
         8.89378626e-05,  5.19775550e-05, -3.23800063e-05,
        -1.94763501e-05],
       [ 3.85513611e-05,  2.56798742e-03, -2.23882858e-05,
         1.10698175e-05,  3.59061671e-05,  5.03328002e-05,
         5.04009993e-05,  1.99833861e-05, -1.16343954e-05,
         7.33400572e-05],
       [ 9.05911762e-06, -2.23882858e-05,  2.54779976e-03,
         4.73807006e-05,  1.22812378e-05, -1.51486966e-05,
         1.45150199e-05,  1.43350649e-05, -1.12984004e-05,
        -2.60281244e-05],
       [ 1.00651292e-04,  1.10698175e-05,  4.73807006e-05,
         2.70757653e-03,  6.97390925e-05, -1.70085720e-05,
         1.05764327e-04,  7.12896504e-05, -3.23748763e-05,
        -6.18586631e-05],
       [ 3.77925363e-05,  3.59061671e-05,  1.22812378e-05,
         6.97390925e-05,  2.61817937e-03, -1.26717423e-05,
         5.68949707e-05,  4.95219860e-05, -7.83704453e-06,
         2.98034399e-05],
       [-2.01288901e-05,  5.03328002e-05, -1.51486966e-05,
        -1.70085720e-05, -1.26717423e-05,  2.50719623e-03,
        -1.04353204e-05, -4.11121355e-06,  1.13012734e-05,
        -6.72100693e-05],
       [ 8.89378626e-05,  5.04009993e-05,  1.45150199e-05,
         1.05764327e-04,  5.68949707e-05, -1.04353204e-05,
         2.70278917e-03,  9.00345955e-05, -1.43504757e-05,
        -9.02845496e-06],
       [ 5.19775550e-05,  1.99833861e-05,  1.43350649e-05,
         7.12896504e-05,  4.95219860e-05, -4.11121355e-06,
         9.00345955e-05,  2.64952640e-03, -1.03934938e-05,
        -2.25646672e-05],
       [-3.23800063e-05, -1.16343954e-05, -1.12984004e-05,
        -3.23748763e-05, -7.83704453e-06,  1.13012734e-05,
        -1.43504757e-05, -1.03934938e-05,  2.58159739e-03,
         1.51366297e-05],
       [-1.94763501e-05,  7.33400572e-05, -2.60281244e-05,
        -6.18586631e-05,  2.98034399e-05, -6.72100693e-05,
        -9.02845496e-06, -2.25646672e-05,  1.51366297e-05,
         2.58165947e-03]])
      jac: array([0., 0., 0., 0., 0., 0., 0., 0., 0., 0.])
  message: 'Optimization terminated successfully.'
     nfev: 429
      nit: 26
     njev: 39
   status: 0
  success: True
        x: array([-3.97978387, -3.97978387, -1.98991224,  1.98991223, -2.98485571,
       -2.98485571,  0.99495863,  0.99495863,  4.97469138,  2.98485569])

HDMR Status
     fun: array([[209.93445815]])
 message: ' '
    nfev: 100
    nhev: 0
    njev: 0
 success: True
       x: [1.3632112931517237, -1.4683396822382349]