BFGS Status
      fun: 41.78817446740342
 hess_inv: array([[ 2.71827387e-03,  5.68036338e-06, -9.08512589e-06,
         1.71477911e-04,  1.48248869e-04, -9.82913702e-05,
        -7.52796246e-05,  1.05362860e-05,  1.55124100e-05,
         4.33388224e-05],
       [ 5.68036338e-06,  2.59806174e-03, -3.06871169e-05,
         1.81261882e-05, -4.48412829e-07, -2.45886173e-05,
         3.63977191e-05, -2.63152929e-05, -4.18508065e-05,
         3.95991498e-05],
       [-9.08512589e-06, -3.06871169e-05,  2.56805883e-03,
        -7.40389183e-06,  1.02342478e-05,  4.91600077e-05,
        -1.48884063e-05,  8.64020974e-06,  2.74668921e-05,
        -1.24791434e-05],
       [ 1.71477911e-04,  1.81261882e-05, -7.40389183e-06,
         2.85486587e-03,  2.79028149e-05, -2.07640537e-04,
        -2.51627268e-05, -4.98041830e-05, -6.84486633e-06,
         1.40602448e-06],
       [ 1.48248869e-04, -4.48412829e-07,  1.02342478e-05,
         2.79028149e-05,  2.73584781e-03,  4.12393401e-05,
        -8.48201242e-05,  4.84070028e-05,  3.65305536e-05,
         4.44589916e-05],
       [-9.82913702e-05, -2.45886173e-05,  4.91600077e-05,
        -2.07640537e-04,  4.12393401e-05,  2.77500183e-03,
        -2.30124904e-05,  5.44556899e-05,  5.15992544e-05,
        -2.05178407e-05],
       [-7.52796246e-05,  3.63977191e-05, -1.48884063e-05,
        -2.51627268e-05, -8.48201242e-05, -2.30124904e-05,
         2.63002480e-03, -4.16311314e-05, -4.27035075e-05,
         9.46197488e-06],
       [ 1.05362860e-05, -2.63152929e-05,  8.64020974e-06,
        -4.98041830e-05,  4.84070028e-05,  5.44556899e-05,
        -4.16311314e-05,  2.60742050e-03,  3.58428004e-05,
        -7.77099248e-05],
       [ 1.55124100e-05, -4.18508065e-05,  2.74668921e-05,
        -6.84486633e-06,  3.65305536e-05,  5.15992544e-05,
        -4.27035075e-05,  3.58428004e-05,  2.58946862e-03,
        -5.03336877e-05],
       [ 4.33388224e-05,  3.95991498e-05, -1.24791434e-05,
         1.40602448e-06,  4.44589916e-05, -2.05178407e-05,
         9.46197488e-06, -7.77099248e-05, -5.03336877e-05,
         2.70425176e-03]])
      jac: array([ 3.81469727e-06, -9.53674316e-07,  4.76837158e-07,  7.62939453e-06,
        0.00000000e+00, -4.76837158e-06, -1.43051147e-06,  9.53674316e-07,
        9.53674316e-07, -4.29153442e-06])
  message: 'Optimization terminated successfully.'
     nfev: 407
      nit: 22
     njev: 37
   status: 0
  success: True
        x: array([-2.98485570e+00, -2.98485571e+00,  1.98991223e+00, -2.98485569e+00,
       -1.98991224e+00, -1.98991225e+00, -1.07883904e-08, -9.94958642e-01,
        9.94958633e-01,  9.94958620e-01])

HDMR Status
     fun: array([[127.18849981]])
 message: ' '
    nfev: 500
    nhev: 0
    njev: 0
 success: True
       x: [-0.11525984962525126, 0.07661041729278827]