BFGS Status
      fun: 74.62143823697296
 hess_inv: array([[ 2.60838334e-03, -1.33855207e-05,  1.55595910e-05,
        -2.06880929e-06, -1.97861552e-05,  9.09182348e-05,
         7.91932706e-05,  1.90585722e-06,  9.69690103e-07,
        -5.91314597e-05],
       [-1.33855207e-05,  2.68479460e-03,  1.13123598e-04,
         2.33406845e-05, -8.27955736e-05, -3.35784898e-05,
        -5.03329012e-06,  4.34728318e-05,  1.11139705e-06,
         4.99207425e-05],
       [ 1.55595910e-05,  1.13123598e-04,  2.70469398e-03,
         1.81092014e-05, -3.93926948e-05,  1.78822006e-05,
         3.35337684e-05,  5.91101556e-05,  2.35511364e-05,
         1.99822318e-05],
       [-2.06880929e-06,  2.33406845e-05,  1.81092014e-05,
         2.55640087e-03, -3.70462244e-05,  2.84503326e-06,
         5.69484629e-06, -4.50432441e-06,  1.40880617e-05,
         1.80443466e-05],
       [-1.97861552e-05, -8.27955736e-05, -3.93926948e-05,
        -3.70462244e-05,  2.62533662e-03, -2.12732156e-05,
        -1.68502755e-05, -2.97187850e-05, -2.26539143e-05,
         5.87443979e-06],
       [ 9.09182348e-05, -3.35784898e-05,  1.78822006e-05,
         2.84503326e-06, -2.12732156e-05,  2.74326969e-03,
         1.09978848e-04, -7.72646598e-06,  6.54274618e-06,
        -9.30364797e-05],
       [ 7.91932706e-05, -5.03329012e-06,  3.35337684e-05,
         5.69484629e-06, -1.68502755e-05,  1.09978848e-04,
         2.67502639e-03,  6.50573671e-06, -7.68622497e-07,
        -7.24456608e-05],
       [ 1.90585722e-06,  4.34728318e-05,  5.91101556e-05,
        -4.50432441e-06, -2.97187850e-05, -7.72646598e-06,
         6.50573671e-06,  2.64434125e-03, -9.28271170e-06,
         4.22413368e-05],
       [ 9.69690103e-07,  1.11139705e-06,  2.35511364e-05,
         1.40880617e-05, -2.26539143e-05,  6.54274618e-06,
        -7.68622497e-07, -9.28271170e-06,  2.58657900e-03,
        -9.18545889e-06],
       [-5.91314597e-05,  4.99207425e-05,  1.99822318e-05,
         1.80443466e-05,  5.87443979e-06, -9.30364797e-05,
        -7.24456608e-05,  4.22413368e-05, -9.18545889e-06,
         2.60968234e-03]])
      jac: array([-9.53674316e-07,  9.53674316e-07,  9.53674316e-07,  9.53674316e-07,
        9.53674316e-07, -9.53674316e-07, -9.53674316e-07,  9.53674316e-07,
       -9.53674316e-07,  9.53674316e-07])
  message: 'Optimization terminated successfully.'
     nfev: 385
      nit: 23
     njev: 35
   status: 0
  success: True
        x: array([-0.99495865,  0.99495863,  0.99495863, -4.9746914 , -1.98991224,
       -0.99495865, -0.99495865, -3.97978387,  2.98485569, -3.97978386])

HDMR Status
     fun: array([[178.20705616]])
 message: ' '
    nfev: 100
    nhev: 0
    njev: 0
 success: True
       x: [-0.8575227026821727, 0.8008148900560966]