BFGS Status
      fun: 7.581977268245055e-10
 hess_inv: array([[ 0.99179317, -0.02275393,  0.03834113,  0.03680391,  0.03840391,
         0.02063357,  0.04009675,  0.02314471,  0.02211075,  0.04991722],
       [-0.02275393,  2.03407354, -0.05488189,  0.15254591,  0.28213463,
         0.44492957,  0.21370672,  0.40836125,  0.60618973,  0.42211025],
       [ 0.03834113, -0.05488189,  2.69333446, -0.44369401,  0.05143722,
         0.48532645, -0.69582145,  0.29724571,  0.80856041,  0.35706522],
       [ 0.03680391,  0.15254591, -0.44369401,  2.88246178, -0.0268633 ,
         0.76662446, -0.44781043,  0.40236594,  1.05629558,  0.4197836 ],
       [ 0.03840391,  0.28213463,  0.05143722, -0.0268633 ,  4.34018863,
        -0.57696107, -0.48225246,  1.17049836, -0.32463433,  0.05000486],
       [ 0.02063357,  0.44492957,  0.48532645,  0.76662446, -0.57696107,
         3.3287782 , -0.05471915,  1.6406992 , -1.09536681, -0.01061468],
       [ 0.04009675,  0.21370672, -0.69582145, -0.44781043, -0.48225246,
        -0.05471915,  6.48939268,  0.04197439,  0.10248609, -0.50282646],
       [ 0.02314471,  0.40836125,  0.29724571,  0.40236594,  1.17049836,
         1.6406992 ,  0.04197439,  3.20120657, -1.16081455, -1.29907736],
       [ 0.02211075,  0.60618973,  0.80856041,  1.05629558, -0.32463433,
        -1.09536681,  0.10248609, -1.16081455,  6.61686518, -0.89854093],
       [ 0.04991722,  0.42211025,  0.35706522,  0.4197836 ,  0.05000486,
        -0.01061468, -0.50282646, -1.29907736, -0.89854093,  7.91116837]])
      jac: array([-2.38418579e-06, -9.87201929e-06, -3.07708979e-06, -2.63005495e-06,
        5.66989183e-06,  9.84966755e-06,  3.01003456e-06, -9.90927219e-07,
        5.96046448e-06,  3.62843275e-06])
  message: 'Optimization terminated successfully.'
     nfev: 693
      nit: 36
     njev: 63
   status: 0
  success: True
        x: array([ -0.53096731,  99.99998025,  99.99999077,  99.99998947,
       100.00002827, 100.00005888, 100.00002097,  99.99999208,
       100.00005339, 100.00003603])

HDMR Status
     fun: array([[23.64670688]])
 message: ' '
    nfev: 100
    nhev: 0
    njev: 0
 success: True
       x: [2.6914522140688337, 2.3876295177877953]