BFGS Status
      fun: 22.194039960858174
 hess_inv: array([[ 0.96698942,  0.13583877,  0.11005399, -0.27316985, -0.08517265,
         0.10369243, -0.14812683, -0.3355738 ,  0.03497221,  0.44544814],
       [ 0.13583877,  2.07783335, -0.07697108,  0.25770772,  0.16169241,
        -0.05023888, -0.11740881,  0.28495134,  0.17520338, -0.09149772],
       [ 0.11005399, -0.07697108,  3.03709309,  0.33367671,  0.21652688,
        -0.07750272, -0.19277649,  0.37918134,  0.22852466, -0.08355458],
       [-0.27316985,  0.25770772,  0.33367671,  3.44063876, -0.29522763,
         0.50914293, -1.05812061, -0.07849722,  0.14771782,  0.65389843],
       [-0.08517265,  0.16169241,  0.21652688, -0.29522763,  4.87088608,
         0.71861324, -0.67310255,  0.73209939,  0.34214721,  0.33122114],
       [ 0.10369243, -0.05023888, -0.07750272,  0.50914293,  0.71861324,
         5.61963602,  1.57818927, -0.86280787,  0.38532526,  0.61474641],
       [-0.14812683, -0.11740881, -0.19277649, -1.05812061, -0.67310255,
         1.57818927,  5.21352114,  2.28065139,  0.79012081,  0.25942187],
       [-0.3355738 ,  0.28495134,  0.37918134, -0.07849722,  0.73209939,
        -0.86280787,  2.28065139,  5.04013096, -0.62404506,  1.88184565],
       [ 0.03497221,  0.17520338,  0.22852466,  0.14771782,  0.34214721,
         0.38532526,  0.79012081, -0.62404506,  9.22702784,  1.43740148],
       [ 0.44544814, -0.09149772, -0.08355458,  0.65389843,  0.33122114,
         0.61474641,  0.25942187,  1.88184565,  1.43740148,  9.54009444]])
      jac: array([-9.77516174e-06,  3.57627869e-06,  3.09944153e-06, -4.29153442e-06,
       -4.76837158e-07, -9.53674316e-07,  2.38418579e-07, -6.19888306e-06,
       -1.66893005e-06,  3.33786011e-06])
  message: 'Optimization terminated successfully.'
     nfev: 363
      nit: 31
     njev: 33
   status: 0
  success: True
        x: array([-3.6725681 ,  2.3618519 ,  2.21284109, -0.31511561,  1.91622521,
        0.282382  ,  0.63070067,  2.67397291, -3.17566512,  1.18285564])

HDMR Status
     fun: array([[23.21440853]])
 message: ' '
    nfev: 100
    nhev: 0
    njev: 0
 success: True
       x: [-4.097640319409855, 139.35829478130296]