BFGS Status
      fun: 0.014779777545192552
 hess_inv: array([[ 9.56141276e-01, -2.93495603e-02,  1.28067502e-01,
        -1.48060431e-01,  1.42497199e-01, -6.74649890e-02,
         2.57392414e-01,  1.52438692e-01,  6.93746347e-02,
         1.42061381e-01],
       [-2.93495603e-02,  2.07846433e+00, -1.18225082e-01,
         5.15282014e-01,  1.50762644e-01,  3.39514610e-01,
         2.13503760e-01,  1.73329448e-01,  8.77307389e-02,
         8.39026065e-02],
       [ 1.28067502e-01, -1.18225082e-01,  1.66378782e+00,
         1.56215723e-01,  1.27391248e-02,  9.52482084e-01,
         5.99534483e-01,  5.44634147e-01,  1.20275588e-01,
         7.02587659e-01],
       [-1.48060431e-01,  5.15282014e-01,  1.56215723e-01,
         4.38190158e+00,  1.82621108e-01,  8.53300386e-02,
         1.49857328e-01, -4.11742461e-03,  1.55496990e-01,
        -2.21667123e-01],
       [ 1.42497199e-01,  1.50762644e-01,  1.27391248e-02,
         1.82621108e-01,  4.42630096e+00,  6.98151205e-02,
        -1.71407966e-01, -9.24705757e-01,  9.18557946e-01,
        -5.56410597e-01],
       [-6.74649890e-02,  3.39514610e-01,  9.52482084e-01,
         8.53300386e-02,  6.98151205e-02,  4.71327396e+00,
        -5.06450587e-01, -6.05364934e-02, -4.18053063e-01,
        -3.87877896e-01],
       [ 2.57392414e-01,  2.13503760e-01,  5.99534483e-01,
         1.49857328e-01, -1.71407966e-01, -5.06450587e-01,
         4.01437193e+00,  8.62470551e-01, -1.68659604e+00,
        -2.23258386e-02],
       [ 1.52438692e-01,  1.73329448e-01,  5.44634147e-01,
        -4.11742461e-03, -9.24705757e-01, -6.05364934e-02,
         8.62470551e-01,  4.51922564e+00,  2.25585078e+00,
        -1.18628093e+00],
       [ 6.93746347e-02,  8.77307389e-02,  1.20275588e-01,
         1.55496990e-01,  9.18557946e-01, -4.18053063e-01,
        -1.68659604e+00,  2.25585078e+00,  5.84204129e+00,
         7.98332014e-01],
       [ 1.42061381e-01,  8.39026065e-02,  7.02587659e-01,
        -2.21667123e-01, -5.56410597e-01, -3.87877896e-01,
        -2.23258386e-02, -1.18628093e+00,  7.98332014e-01,
         8.45240975e+00]])
      jac: array([-9.30577517e-06, -2.07126141e-06, -5.47617674e-06,  1.04308128e-07,
        7.13020563e-06,  1.19954348e-06,  3.56137753e-06,  9.28342342e-06,
       -4.64171171e-06,  4.07546759e-06])
  message: 'Optimization terminated successfully.'
     nfev: 539
      nit: 33
     njev: 49
   status: 0
  success: True
        x: array([ -0.53097423,  95.56155146,  99.99998359, 106.2706443 ,
       100.00003553, 100.00000712, 100.00002484, 100.000074  ,
        99.99995835, 100.00004048])

HDMR Status
     fun: array([[23.91329492]])
 message: ' '
    nfev: 100
    nhev: 0
    njev: 0
 success: True
       x: [3.970947579543441, -2.025737436500144]