BFGS Status
      fun: 0.004929872832883486
 hess_inv: array([[ 1.21954316, -0.15224171, -0.02815003, -0.02768577,  0.01540697,
        -0.08657939, -0.0543295 ,  0.00808166, -0.01756413,  0.01525311],
       [-0.15224171,  2.09843559,  0.14988139,  0.0680193 ,  0.19151971,
         0.02701665,  0.03397869,  0.05600245,  0.0511367 ,  0.03421836],
       [-0.02815003,  0.14988139,  2.31758604, -0.43541706,  0.07716693,
         0.4590038 ,  0.04231781,  0.2843722 , -0.03567686, -0.02880814],
       [-0.02768577,  0.0680193 , -0.43541706,  2.27866754,  1.22263818,
         0.26938555,  0.45068423,  0.77721709,  0.09815351,  0.54929613],
       [ 0.01540697,  0.19151971,  0.07716693,  1.22263818,  3.20820943,
         0.28420049, -0.54922495, -0.38839683, -0.26339347, -0.80907191],
       [-0.08657939,  0.02701665,  0.4590038 ,  0.26938555,  0.28420049,
         5.12451114, -0.10116754,  0.24614145,  0.62985174, -0.60551518],
       [-0.0543295 ,  0.03397869,  0.04231781,  0.45068423, -0.54922495,
        -0.10116754,  6.17813601,  0.75866435,  1.1138859 , -1.1106861 ],
       [ 0.00808166,  0.05600245,  0.2843722 ,  0.77721709, -0.38839683,
         0.24614145,  0.75866435,  4.7892557 , -1.98939498,  2.4618746 ],
       [-0.01756413,  0.0511367 , -0.03567686,  0.09815351, -0.26339347,
         0.62985174,  1.1138859 , -1.98939498,  6.82474085,  1.93911408],
       [ 0.01525311,  0.03421836, -0.02880814,  0.54929613, -0.80907191,
        -0.60551518, -1.1106861 ,  2.4618746 ,  1.93911408,  6.89251555]])
      jac: array([ 8.94069672e-07, -2.95788050e-06,  8.74698162e-06,  6.84708357e-06,
       -6.18398190e-07, -5.61773777e-06, -2.72691250e-06,  2.39163637e-06,
        4.01586294e-06, -3.88175249e-06])
  message: 'Optimization terminated successfully.'
     nfev: 660
      nit: 41
     njev: 60
   status: 0
  success: True
        x: array([  2.61062862,  95.56154959, 100.00002617, 100.00002733,
        99.99999688,  99.99996637,  99.99998096, 100.00001906,
       100.00003598,  99.99996134])

HDMR Status
     fun: array([[23.52251769]])
 message: ' '
    nfev: 50
    nhev: 0
    njev: 0
 success: True
       x: [1.1934130630683795, -1.3924701587388484]