BFGS Status
      fun: 0.022170893314898077
 hess_inv: array([[ 0.9968268 ,  0.04931236,  0.02830743,  0.02774831,  0.04473875,
         0.11453737,  0.15566534, -0.04646045,  0.04017421, -0.07535513],
       [ 0.04931236,  1.89701698,  0.05452599, -0.01310471, -0.13436436,
        -0.09905638,  0.02902481,  0.06695805,  0.12564509,  0.19322497],
       [ 0.02830743,  0.05452599,  2.91915981, -0.21544934, -0.17206804,
        -0.12380035,  0.4383601 ,  0.03307741,  0.40973617,  0.39829829],
       [ 0.02774831, -0.01310471, -0.21544934,  3.70062135, -0.32960421,
        -0.28208738, -0.07013301,  0.3523508 ,  0.47318236,  0.62033712],
       [ 0.04473875, -0.13436436, -0.17206804, -0.32960421,  4.25831302,
        -0.36406436,  1.20630949,  0.29764941,  1.20969701,  1.17350676],
       [ 0.11453737, -0.09905638, -0.12380035, -0.28208738, -0.36406436,
         4.69333866,  0.33320055,  0.57775137,  0.52261613,  0.98139163],
       [ 0.15566534,  0.02902481,  0.4383601 , -0.07013301,  1.20630949,
         0.33320055,  5.74746007, -0.75895947, -1.31661255, -1.16537275],
       [-0.04646045,  0.06695805,  0.03307741,  0.3523508 ,  0.29764941,
         0.57775137, -0.75895947,  7.6642686 , -0.88255795, -0.61257625],
       [ 0.04017421,  0.12564509,  0.40973617,  0.47318236,  1.20969701,
         0.52261613, -1.31661255, -0.88255795,  6.80028739, -1.2804675 ],
       [-0.07535513,  0.19322497,  0.39829829,  0.62033712,  1.17350676,
         0.98139163, -1.16537275, -0.61257625, -1.2804675 ,  7.54474745]])
      jac: array([-1.35600567e-06, -6.48200512e-07, -2.36928463e-06, -1.28149986e-06,
       -4.40329313e-06, -8.71717930e-07,  4.16487455e-06,  1.46031380e-06,
        3.68058681e-06,  2.55554914e-06])
  message: 'Optimization terminated successfully.'
     nfev: 583
      nit: 31
     njev: 53
   status: 0
  success: True
        x: array([  8.89381169, 104.43844306,  94.56674491,  93.72935114,
        99.99997801,  99.99999479, 100.00002914, 100.00001171,
       100.00003306, 100.00002547])

HDMR Status
     fun: array([[23.77134955]])
 message: ' '
    nfev: 500
    nhev: 0
    njev: 0
 success: True
       x: [3.2383193466127698, 875.6990327100899]